Red,IR
119114,105596
119231,105635
119493,105725
119720,105739
119810,105786
119928,105813
119257,105006
117779,105105
118728,105359
119014,105457
119222,105553
119511,105608
119707,105654
119822,105676
119921,105711
119524,105009
118303,105159
118819,105330
119208,105390
119415,105484
119717,105517
119820,105602
119970,105639
120054,105673
119854,105122
118021,104999
118916,105314
119248,105333
119455,105414
119622,105498
119895,105613
120023,105569
120140,105636
119971,105191
118848,105273
119347,105416
119688,105443
119782,105510
120116,105552
120185,105595
120320,105671
120382,105628
119882,105358
119892,105413
120044,105502
120249,105491
120328,105560
120418,105557
120474,105620
120511,105649
120594,105619
119926,105240
120072,105480
120224,105512
120260,105508
120433,105534
120524,105572
120625,105604
120630,105478
119733,105231
120212,105409
120321,105522
120401,105507
120461,105541
120588,105552
120705,105564
120681,105491
120130,105274
120320,105408
120467,105478
120482,105382
120575,105497
120673,105514
120728,105520
120804,105387
120119,105294
120422,105426
120582,105442
120592,105434
120687,105499
120782,105520
120847,105551
120883,105433
120111,105207
120446,105403
120612,105456
120707,105440
120740,105480
120913,105525
120967,105557
120998,105515
120999,105462
120176,105266
120573,105353
120751,105400
120704,105414
120908,105413
120896,105435
120981,105464
120995,105462
121022,105397
120454,105190
120665,105311
120795,105356
120804,105311
120765,105373
120956,105397
120970,105415
121019,105402
120947,105153
120369,105188
120673,105223
120713,105226
120763,105285
120887,105316
120937,105323
121030,105289
120986,105324
120615,104959
120292,105135
120686,105187
120734,105146
120756,105237
120845,105234
120962,105246
120985,105250
121061,105261
120869,104934
120358,105092
120663,105143
120745,105115
120772,105124
120922,105233
121008,105194
121047,105214
121123,105149
120585,105047
120767,105116
120968,105148
120924,105131
121000,105159
121061,105142
121060,105157
121105,105118
120665,104801
120404,104948
120717,105003
120807,105000
120855,105056
120950,105064
120997,105084
121018,105092
121090,105083
120485,104690
120611,104957
120775,104954
120797,105000
120872,105023
121038,105051
121035,105065
121083,105064
120985,104705
120278,104883
120623,104845
120734,104893
120796,104943
120959,104956
121022,104987
121071,104977
121102,105032
120871,104593
119687,104637
120522,104838
120700,104814
120786,104872
120900,104950
121021,104934
120983,104958
121159,105017
121170,105047
120291,104583
120324,104874
120997,105040
121034,104954
121112,105019
121154,105048
121275,105057
121270,105088
121356,105088
121330,104876
120362,104814
120790,104833
120998,104946
120957,104905
121097,104953
121166,104988
121296,105032
121243,105009
121406,105038
121029,104605
120661,104841
120955,104845
121034,104884
121097,104880
121256,104965
121337,104923
121353,104976
121370,105016
121458,104861
120519,104653
120981,104856
121111,104813
121062,104873
121220,104837
121312,104932
121329,104909
121417,104934
121355,104779
120309,104669
120878,104745
121059,104750
121014,104750
121163,104832
121233,104823
121317,104851
121398,104874
121444,104736
120720,104611
121088,104742
121169,104762
121149,104760
121226,104764
121372,104869
121395,104807
121452,104874
121480,104852
120858,104566
120961,104709
121228,104743
121149,104712
121257,104737
121311,104758
121424,104823
121443,104787
121354,104553
120553,104528
121069,104638
121171,104651
121196,104672
121255,104728
121378,104744
121393,104705
121465,104776
121466,104655
119975,104406
120774,104538
121091,104557
121048,104617
121222,104663
121273,104680
121347,104673
121366,104707
121279,104369
120082,104353
120944,104518
120988,104500
121034,104534
121169,104581
121262,104619
121318,104610
121391,104599
121142,104249
120473,104386
120885,104440
120999,104417
121063,104472
121160,104539
121272,104551
121331,104575
121403,104595
121059,104078
119990,104281
120851,104406
121036,104403
121043,104456
121234,104481
121266,104540
121372,104521
121404,104515
120878,104123
120836,104326
121089,104431
121063,104403
121148,104443
121290,104480
121377,104453
121411,104484
120916,104099
120896,104357
121124,104349
121091,104407
121201,104379
121348,104445
121407,104473
121441,104384
120722,103967
120797,104256
121024,104303
121037,104286
121120,104300
121277,104354
121340,104399
121370,104341
120515,103717
120039,104060
120731,104209
120877,104180
120989,104276
121198,104301
121263,104347
121373,104317
121426,104316
119346,103722
120243,104034
120909,104179
120946,104154
121104,104214
121206,104255
121238,104235
121344,104355
121441,104351
121485,104331
119262,103489
119557,103841
120758,104073
120937,104117
121083,104180
121172,104211
121299,104259
121316,104211
121387,104287
121454,104212
118755,103385
119256,103636
120319,103918
120508,103960
120868,104110
121054,104078
121174,104174
121230,104191
121290,104216
121234,103688
118485,103347
119128,103541
119943,103715
120053,103846
120719,104021
120933,104072
121101,104101
121174,104171
121338,104216
121278,103833
118897,103549
119932,103821
120746,103993
120861,104005
121086,104053
121215,104119
121282,104138
121354,104155
121390,104159
121005,103457
119107,103602
120124,103800
120687,103903
120800,103983
121131,104022
121236,104155
121346,104140
121410,104127
120764,103435
119122,103523
120395,103880
120844,103962
121018,104030
121232,104070
121397,104070
121458,104157
121510,104188
121578,104073
119242,103405
119785,103717
120809,103950
121049,103974
121242,104077
121361,104080
121474,104106
121537,104184
121638,104157
121129,103504
119660,103700
120738,103946
121129,103950
121235,104014
121422,104066
121532,104110
121555,104141
121620,104126
120524,103478
120026,103776
121234,103976
121325,103963
121378,104015
121503,104052
121562,104063
121628,104079
121686,104079
120618,103414
120750,103870
121302,103946
121294,103965
121399,103981
121590,104026
121618,104028
121701,104076
121720,104035
119839,103453
120563,103774
121316,103921
121347,103894
121458,103957
121567,103992
121652,104015
121689,104022
121581,103670
119974,103560
121245,103924
121351,103811
121314,103908
121469,103941
121579,103930
121527,103960
121651,103931
120281,103158
119980,103583
120895,103702
121016,103744
121161,103781
121398,103883
121445,103869
121557,103910
121584,103927
119495,103230
120169,103603
121121,103756
121173,103710
121320,103863
121432,103819
121485,103864
121546,103889
121521,103646
119664,103315
120944,103746
121273,103762
121192,103771
121357,103857
121493,103914
121485,103837
121576,103911
120931,103132
119342,103303
120350,103554
120902,103599
121005,103681
121306,103741
121368,103781
121442,103813
121495,103797
121070,103139
118956,103113
120557,103583
121130,103622
121099,103701
121317,103775
121462,103788
121554,103836
121656,103833
121690,103783
119853,103389
120825,103621
121220,103675
121262,103647
121354,103728
121517,103777
121640,103797
121651,103797
121147,103285
120249,103470
121219,103663
121339,103637
121326,103690
121501,103706
121656,103784
121674,103766
121726,103817
121581,103396
120342,103545
121053,103580
121265,103623
121299,103662
121478,103717
121635,103756
121713,103787
121756,103808
121721,103507
120191,103364
121175,103665
121372,103604
121385,103667
121523,103713
121600,103710
121715,103740
121737,103771
121260,103271
120972,103553
121350,103644
121385,103624
121447,103629
121611,103718
121719,103711
121717,103731
121773,103709
120008,103161
120771,103483
121348,103574
121317,103566
121437,103662
121563,103645
121735,103730
121788,103742
121857,103565
120513,103244
121221,103516
121364,103591
121415,103598
121498,103594
121680,103672
121693,103635
121805,103671
121318,103181
121038,103465
121345,103556
121418,103548
121498,103579
121668,103660
121732,103625
121796,103673
121844,103646
120024,103176
120854,103396
121354,103508
121252,103485
121483,103580
121584,103605
121665,103655
121723,103651
121810,103572
120818,103064
120806,103396
121184,103458
121344,103488
121442,103543
121648,103586
121708,103628
121813,103619
121846,103722
120694,103144
120926,103448
121493,103526
121375,103505
121564,103561
121693,103604
121770,103628
121844,103627
121885,103642
121598,103283
121031,103402
121426,103507
121529,103531
121606,103541
121703,103601
121874,103606
121880,103628
121925,103677
121971,103521
121020,103328
121487,103510
121566,103498
121507,103497
121677,103536
121720,103514
121771,103524
121908,103605
121951,103630
121127,103313
121504,103487
121673,103505
121616,103489
121661,103561
121920,103618
121961,103701
122071,103720