Red,IR
106063,70003
106157,70101
106178,70160
106106,70104
106146,70216
106093,70217
106167,70212
106169,70213
106110,70199
106171,70184
106200,70216
106187,70269
106191,70229
106235,70271
106216,70237
106185,70258
106120,70219
106116,70198
106122,70198
106025,70215
106072,70195
106029,70186
106056,70188
106034,70188
106060,70243
106060,70187
106035,70246
106032,70193
106018,70155
106034,70193
105911,70160
105977,70184
105942,70160
105902,70191
105925,70156
105932,70214
105899,70166
105930,70224
105944,70208
105906,70177
105929,70168
105844,70164
105929,70170
105943,70194
105978,70207
105951,70149
105964,70187
105988,70209
105942,70193
105939,70185
105995,70156
105900,70148
105968,70157
105945,70158
105916,70121
105954,70119
105897,70117
105751,70010
105733,70049
105758,70077
105865,70087
105818,70096
105901,70094
105863,70119
105911,70120
105978,70099
105991,70178
105982,70123
105990,70149
105972,70132
105945,70132
106049,70145
106032,70167
106055,70160
106062,70162
106057,70173
106130,70197
106082,70181
106092,70219
106092,70176
106077,70193
106172,70193
106089,70222
106169,70233
106180,70226
106204,70241
106217,70276
106197,70244
106202,70285
106197,70236
106210,70246
106219,70272
106283,70286
106259,70256
106257,70250
106269,70239
106269,70253
106252,70266
106256,70244
106261,70250
106266,70263
106268,70249
106303,70250
106312,70251
106339,70254
106326,70302
106349,70275
106351,70304
106315,70259
106335,70282
106362,70292
106405,70301
106404,70325
106372,70310
106389,70382
106407,70303
106433,70360
106435,70334
106388,70345
106443,70356
106474,70345
106456,70328
106456,70337
106447,70306
106432,70368
106457,70325
106474,70404
106505,70373
106546,70375
106473,70392
106507,70392
106512,70383
106557,70398
106564,70403
106603,70419
106591,70451
106605,70430
106653,70484
106628,70446
106683,70460
106648,70431
106651,70480
106668,70499
106675,70463
106693,70525
106700,70503
106695,70528
106718,70533
106776,70535
106769,70555
106752,70543
106766,70530
106754,70532
106772,70553
106752,70559
106776,70561
106793,70543
106767,70567
106808,70562
106821,70542
106802,70530
106814,70588
106807,70619
106845,70583
106808,70595
106864,70565
106847,70614
106848,70572
106860,70615
106906,70597
106859,70618
106853,70564
106871,70601
106808,70587
106887,70599
106841,70592
106859,70627
106896,70603
106881,70592
106879,70630
106914,70587
106886,70696
106872,70624
106862,70608
106852,70614
106937,70629
106925,70610
106920,70609
106937,70625
106938,70618
106921,70659
106936,70632
106945,70640
106949,70641
106994,70656
106941,70663
106978,70676
106943,70608
106983,70657
106977,70720
107026,70701
106945,70664
106971,70662
106965,70704
106974,70694
106944,70704
106989,70660
107003,70737
107006,70674
106969,70702
106972,70729
107010,70691
106965,70695
106986,70703
106958,70710
106999,70715
106989,70753
106990,70704
106989,70728
106969,70732
107066,70730
106991,70725
107010,70734
107015,70772
107002,70732
107014,70757
107050,70774
107058,70750
107038,70767
107100,70746
107081,70756
107072,70749
107091,70754
107049,70717
107045,70730
107033,70765
107033,70760
107025,70773
107055,70745
107056,70775
107034,70796
107063,70783
107067,70771
107061,70745
107040,70821
107036,70790
107027,70781
107038,70803
107080,70805
107065,70813
107064,70789
107072,70840
107095,70816
107080,70856
107071,70825
107068,70819
107075,70809
107124,70870
107112,70816
107101,70816
107122,70884
107128,70836
107147,70835
107142,70858
107120,70839
107056,70846
107096,70855
107092,70865
107093,70858
107119,70910
107112,70895
107125,70865
107111,70869
107180,70897
107128,70890
107094,70865
107084,70883
107113,70843
107104,70880
107116,70905
107121,70896
107084,70900
107103,70870
107157,70878
107162,70905
107130,70891
107105,70859
107110,70852
107098,70918
107063,70884
107065,70889
107090,70897
107146,70909
107131,70897
107143,70920
107149,70907
107147,70908
107142,70955
107125,70915
107082,70910
107077,70929
107147,70915
107095,70955
107117,70939
107132,70965
107151,70946
107179,70939
107160,70941
107189,70944
107086,70942
107132,70903
107115,70947
107148,70908
107125,70941
107119,70958
107119,70946
107105,70953
107119,70956
107180,70982
107184,70984
107181,70947
107159,71013
107126,70938
107140,70977
107118,70986
107174,70982
107116,70965
107147,70991
107169,71014
107161,70985
107180,71002
107174,71029
107153,71015
107114,71032
107144,71002
107204,71044
107160,71021
107174,71032
107214,71021
107222,71030
107210,71041
107232,71012
107258,71073
107223,71052
107247,71012
107191,71058
107230,71054
107213,71067
107230,71034
107228,71067
107235,71103
107304,71083
107275,71103
107296,71091
107302,71099
107284,71094
107293,71072
107261,71142
107254,71096
107265,71132
107247,71135
107270,71112
107275,71096
107286,71095
107290,71108
107287,71143
107276,71137
107196,71124
107267,71098
107276,71100
107278,71115
107262,71100
107278,71168
107275,71085
107271,71116
107264,71133
107329,71133
107208,71126
107224,71127
107259,71149
107232,71127
107235,71168
107249,71182
107281,71139
107241,71144
107241,71166
107311,71168
107311,71182
107279,71149
107239,71201
107254,71167
107242,71173
107185,71176
107243,71165
107186,71155
107178,71169
107192,71164
107175,71143
107122,71150
107116,71174
107107,71168
107003,71153
107019,71157
107066,71148
107039,71152
107023,71184
107003,71132
106964,71105
106956,71121
106966,71109
106979,71121
106975,71114
107008,71107
106969,71105
106996,71138
106959,71109
106892,71083
106886,71101
106912,71076
106858,71109
106868,71088
106901,71084
106916,71107
106915,71085
106925,71146
106931,71100
107009,71094
106890,71110
106911,71108
106908,71117
106902,71084
106916,71083
106933,71155
106947,71126
106980,71146
106999,71118
107035,71121
107000,71149
107057,71125
106989,71182
106986,71147
106965,71131
106930,71140
106991,71144
106984,71130
106974,71137
106968,71112
106966,71165
106996,71136
107035,71137
106976,71170
107019,71144
107009,71154
106973,71161
106965,71140
106952,71156
107005,71168
106980,71154
106974,71161
107031,71167
107057,71157
106995,71173
107028,71105
106971,71184
106957,71118
106974,71128
106943,71147
107013,71149
106974,71178
107002,71155
106991,71167
107013,71177
107057,71170
107043,71208
107022,71180
107033,71194
107003,71210
107022,71221
107010,71229
107065,71183
107068,71192
107046,71229
107038,71229
107018,71195
107046,71184
107058,71198
107021,71167
107022,71220
107062,71245
107034,71178
107046,71164
107024,71209
107085,71218
107093,71203
107110,71254
107106,71239
107063,71261
107075,71201
107099,71219
107092,71211
107120,71211
107042,71213
107124,71213
107138,71213
107122,71191
107139,71257
107074,71230
107069,71195
107004,71210
107025,71195
107112,71223
107077,71225
107060,71244
107087,71228
107081,71178
107098,71268
107056,71242
107086,71245
107042,71248
107062,71277
107115,71274
107095,71238
107105,71219
107073,71251
107007,71239
107039,71216
107018,71245
107093,71203
107050,71260
107071,71238
107103,71220
107098,71256
107108,71227
107050,71252
107012,71214
107089,71220
107064,71208
107054,71229
107103,71267
107088,71259
107079,71264
107074,71282
107128,71305
107156,71262
107097,71275
107107,71298
107106,71329
107057,71257
107127,71313
107123,71317
107142,71309
107094,71277
107091,71300
107095,71284
107058,71219
107029,71297
107043,71275
107033,71260
107011,71252
107082,71274
107106,71265
107075,71264
107097,71270
107096,71290
107098,71245
107026,71246
107019,71248
107102,71247
107031,71238
107075,71270
107076,71258
107083,71256
107072,71265
107091,71294
107134,71315
107070,71285
107062,71285
107104,71280
107056,71291
107056,71275
107062,71264
107086,71288
107063,71302
107068,71339
107115,71340
107137,71322
107107,71279
107038,71257
107010,71298
107028,71254
107018,71254
107001,71260
107012,71253
107019,71256
107021,71221
107035,71252
107053,71276
106992,71238