RED,IR
106340,73122
106379,73204
106473,73215
106267,72935
106098,72954
106209,73169
106578,73432
106580,73423
106356,73206
106287,73256
106256,73032
105913,72832
105908,72780
105831,72705
105969,72996
106317,73376
106604,73577
106635,73620
106713,73572
106667,73594
106530,73532
106522,73539
106616,73714
106700,73850
107120,74338
107268,74398
107269,74376
107303,74380
107354,74495
107469,74568
107542,74608
107467,74462
107329,74464
107237,74138
106802,73901
106648,73742
106583,73468
106320,72954
105147,71380
103511,70050
101485,68910
101064,68764
100169,67927
99422,67171
99014,67453
100052,68467
100976,69135
101641,69061
101464,69488
102204,69740
101924,69569
102361,70402
104135,71775
104598,71665
104227,71654
104438,72023
105334,72374
105414,72821
106456,73674
106783,73464
106912,73649
106904,73661
107103,74112
107415,74526
108054,74943
108214,75025
108181,74988
108122,74954
107990,74894
108039,74890
107957,74998
108075,75198
107957,75097
107829,74918
107805,74982
107795,74824
107725,74916
107729,74878
107789,74960
107832,75037
107935,75090
108035,75192
108124,75198
108158,75205
108126,75189
107975,75065
108014,75079
108002,75118
108028,75139
108129,75236
108263,75287
108176,75248
108142,75192
108169,75254
108182,75215
108124,75195
108139,75155
108140,75126
108015,75055
107986,75104
108016,75143
108048,75171
108164,75286
108203,75271
108116,75243
108110,75245
108207,75312
108262,75379
108230,75331
108152,75173
107996,75067
107876,74994
107767,74937
107744,74930
107750,74927
107744,74896
107581,74693
107325,74439
107101,74317
107174,74523
107388,74711
107539,74819
107595,74877
107639,74944
107703,75048
107808,75062
107860,75122
107907,75114
107931,75209
107939,75164
107920,75255
107959,75291
108018,75315
107976,75312
108094,75384
108100,75385
108151,75394
108143,75424
108144,75406
108157,75498
108178,75495
108117,75536
108246,75571
108276,75556
108361,75595
108410,75642
108335,75601
108327,75636
108345,75635
108331,75681
108389,75728
108455,75715
108453,75768
108586,75781
108493,75782
108478,75799
108517,75834
108516,75804
108552,75868
108566,75847
108593,75906
108659,75902
108619,75868
108608,75891
108641,75937
108650,75885
108705,75951
108709,75995
108733,75970
108645,75977
108658,75980
108753,75968
108723,75986
108714,76025
108769,76013
108777,76000
108687,75967
108639,75945
108640,75927
108670,75905
108736,75929
108678,75913
108645,75897
108623,75871
108639,75965
108646,75968
108695,75994
108651,76036
108775,76042
108732,76056
108769,76113
108828,76142
108846,76148
108863,76206
108939,76297
108991,76258
108882,76285
108991,76307
109067,76335
109029,76351
109092,76402
109115,76383
109168,76432
109241,76476
109148,76459
109100,76445
109108,76493
109180,76461
109159,76479
109210,76545
109247,76546
109271,76485
109170,76508
109126,76485
109169,76494
109132,76485
109178,76517
109188,76522
109181,76458
109187,76540
109133,76507
109122,76455
109071,76490
109140,76511
109082,76501
109129,76492
109147,76517
109171,76477
109046,76457
109027,76423
109014,76428
109003,76403
109016,76399
108935,76419
108965,76332
108875,76306
108860,76294
108880,76377
108848,76339
108852,76349
108903,76381
108928,76358
108897,76372
108904,76406
108932,76433
108967,76434
109009,76444
109018,76498
109012,76503
109039,76560
109069,76585
109154,76595
109170,76587
109105,76616
109131,76650
109182,76640
109195,76720
109217,76704
109268,76705
109167,76704
109256,76723
109257,76707
109232,76725
109283,76736
109237,76696
109193,76747
109232,76729
109175,76750
109209,76753
109301,76784
109324,76788
109329,76790
109283,76832
109286,76778
109276,76835
109304,76823
109362,76822
109308,76838
109378,76842
109414,76850
109339,76769
109321,76887
109372,76875
109404,76855
109377,76886
109411,76922
109497,76920
109479,76915
109425,76897
109420,76870
109439,76894
109438,76918
109461,76921
109427,76927
109480,76924
109508,76912
109397,76895
109442,76909
109470,76951
109468,76882
109529,76995
109567,77014
109581,76986
109523,76982
109565,76968
109587,76968
109620,76934
109640,77011
109567,77004
109574,76981
109589,76980
109585,76965
109599,76968
109597,76988
109551,76955
109518,76949
109558,76928
109552,76954
109528,76935
109597,76957
109560,76957
109646,76964
109537,76928
109578,76953
109593,77015
109581,76925
109604,76963
109632,76977
109710,76991
109661,77004
109644,76984
109654,76996
109692,76971
109696,77041
109698,77031
109713,77010
109692,77032
109787,77025
109672,76986
109691,76991
109754,77023
109739,76979
109770,77045
109778,77071
109749,77010
109799,77044
109721,77023
109778,77031
109781,77027
109772,76976
109758,77047
109762,76984
109816,77003
109752,76996
109773,77008
109767,77021
109792,76996
109814,77025
109818,76962
109812,77030
109828,77031
109739,77013
109764,77041
109854,76991
109826,77011
109844,77028
109872,77038
109861,76981
109797,77003
109851,77040
109831,77030
109776,77029
109810,76997
109841,77043
109815,76984
109749,77029
109803,77029
109781,76983
109802,77049
109813,77015
109862,77012
109757,77010
109817,77031
109803,76998
109724,76999
109765,77054
109791,77011
109811,77062
109712,77015
109794,77012
109762,77045
109735,77017
109764,77017
109776,77004
109817,77018
109688,77060
109721,77038
109694,77012
109652,76998
109710,77005
109731,77039
109704,77047
109607,77077
109655,77012
109643,77026
109583,77028
109651,77052
109632,77056
109669,77033
109607,77062
109599,77017
109587,77016
109535,77059
109566,77032
109578,77051
109541,77078
109555,77044
109473,77037
109500,77037
109482,77029
109399,76962
109430,77009
109394,77012
109442,76986
109348,76982
109323,76987
109346,77007
109318,76985
109315,77027
109313,77023
109394,77056
109348,77070
109338,77040
109285,77048
109352,77092
109304,77046
109294,77122
109342,77090
109395,77082
109426,77153
109517,77151
109352,77133
109425,77196
109389,77170
109385,77148
109419,77197
109459,77174
109456,77213
109420,77203
109515,77185
109418,77191
109444,77191
109416,77197
109438,77177
109482,77202
109486,77254
109498,77264
109500,77267
109393,77202
109469,77222
109474,77255
109426,77223
109485,77278
109475,77198
109501,77267
109511,77243
109598,77250
109400,77244
109474,77258
109484,77259
109460,77221
109486,77277
109531,77272
109538,77308
109540,77274
109613,77273
109503,77255
109470,77266
109509,77257
109483,77239
109535,77241
109563,77308
109572,77272
109625,77290
109629,77306
109553,77275
109583,77320
109601,77264
109560,77281
109622,77341
109661,77325
109602,77342
109673,77361
109755,77372
109576,77326
109588,77371
109615,77355
109609,77335
109694,77387
109687,77372
109757,77389
109692,77378
109632,77348
109607,77360
109673,77349
109625,77344
109658,77411
109691,77390
109710,77398
109713,77384
109672,77364
109613,77374
109691,77306
109606,77374
109617,77413
109667,77376
109625,77376
109697,77396
109665,77341
109556,77337
109583,77318
109547,77387
109548,77316
109597,77338
109583,77383
109640,77354
109616,77343
109515,77344
109528,77340
109521,77290
109497,77298
109527,77369
109553,77373
109509,77363
109543,77355
109571,77315
109473,77322
109495,77335
109413,77386
109496,77337
109492,77367
109481,77342
109573,77391
109484,77376
109403,77331
109441,77348
109413,77303
109414,77350
109465,77388
109476,77359
109477,77387
109479,77390
109565,77391
109397,77352
109455,77340
109439,77408
109445,77415
109458,77360
109488,77398
109495,77408
109521,77409
109543,77366
109424,77375
109463,77424
109442,77333
109437,77398
109468,77408
109517,77372
109512,77407
109563,77424
109427,77360
109395,77353
109473,77400
109383,77399
109429,77404
109437,77412
109474,77445
109502,77423
109569,77414
109423,77376
109440,77455
109447,77382
109401,77410
109473,77434
109510,77438
109466,77439
109518,77461
109590,77427
109361,77364
109439,77457
109406,77433
109421,77412
109401,77428
109531,77440
109536,77452
109533,77454
109503,77428
109375,77402
109447,77445
109412,77471
109450,77451
109430,77466
109429,77480
109514,77460
109540,77478
109493,77433
109397,77478
109440,77468
109394,77460
109350,77441
109450,77467
109516,77490
109523,77507
109544,77523
109405,77482
109382,77442
109438,77452
109346,77457
109410,77507
109478,77474
109498,77500
109491,77502
109539,77535
109403,77436
109416,77481
109391,77465
109380,77491
109386,77490
109450,77486
109450,77489
109473,77527
109482,77445
109351,77476
109413,77462
109345,77448
109302,77469
109388,77474
109373,77502
109390,77485
109433,77548
109392,77484
109297,77454
109283,77471
109324,77479
109352,77464
109347,77479
109354,77491
109391,77537
109446,77535
109370,77482
109232,77475
109359,77497
109286,77487
109280,77494
109344,77475
109351,77486
109359,77506
109399,77542
109218,77506
109323,77505
109322,77472
109222,77483
109289,77482
109306,77547
109320,77522
109330,77541
109326,77484
109208,77505
109308,77478
109234,77496
109265,77479
109255,77574
109287,77486
109309,77515
109296,77562
109294,77518
109223,77525
109259,77541
109181,77458
109201,77551
109237,77541
109256,77542
109254,77544
109314,77538
109233,77523
109189,77512
109195,77473
109177,77553
109257,77549
109243,77554
109234,77520
109309,77564
109282,77498
109150,77509
109209,77488
109178,77509
109179,77509
109224,77547
109215,77558
109295,77552
109309,77559
109177,77516
109184,77522
109198,77476
109140,77498
109178,77586
109198,77542
109241,77561
109217,77561
109237,77533
109111,77520
109161,77484
109125,77487
109127,77578
109173,77547
109191,77534
109187,77590
109257,77588
109130,77534
109141,77493
109151,77513
109106,77538
109112,77550
109163,77579
109173,77574
109222,77587
109276,77569
109118,77510
109149,77519
109161,77574
109092,77559
109153,77570
109142,77561
109216,77583
109259,77644
109280,77563
109109,77588
109147,77585
109156,77549
109110,77588
109157,77590
109274,77608
109254,77611
109289,77658
109210,77620
109143,77576
109201,77587
109139,77574
109177,77602
109257,77625
109232,77605
109267,77632
109304,77650
109183,77527
109138,77627
109175,77589
109123,77580
109158,77599
109235,77644
109206,77629
109262,77669
109275,77615
109123,77643
109141,77607
109144,77592
109099,77586
109197,77657
109184,77658
109225,77608
109276,77707
109123,77642
109146,77624
109133,77612
109130,77631
109204,77673
109206,77665
109220,77669
109270,77700
109153,77609
109106,77660
109135,77640
109135,77647
109155,77660
109188,77668
109215,77659
109196,77694
109160,77642
109071,77675
109088,77678
109077,77647
109121,77667
109152,77663
109140,77675
109168,77665
109122,77636
109020,77683
109069,77647
108991,77624
108995,77639
109097,77657
109075,77687
109094,77695
109122,77678
108964,77639
108992,77648
108952,77685
108999,77672
108998,77668
109024,77666
109030,77668
109094,77694
108959,77659
108957,77680
108974,77637
108958,77676
108965,77686
109022,77675
109012,77700
109084,77690
109005,77723
108937,77705
108975,77699
108930,77676
109003,77709
109050,77703
109053,77709
109076,77737
109113,77730
108941,77704
108998,77705
108904,77700
109008,77721
109058,77741
109079,77750
109107,77766
109108,77751
108954,77673
108989,77717
108955,77696
108955,77746
108997,77718
109057,77727
109106,77760
109109,77737
109022,77726
108955,77704
109017,77707
108954,77695
108999,77726
109043,77726
109098,77735
109102,77764
109151,77773
108959,77707
109056,77761
109020,77722
109006,77757
109018,77800
109106,77769
109129,77813
109182,77785
109118,77771
109033,77822
109111,77771
109066,77768
109029,77793
109130,77799
109145,77826
109177,77820
109222,77812
109051,77811
109080,77799
109073,77757
109040,77799
109122,77793
109145,77800
109161,77831
109230,77835
109078,77728
109031,77823
109111,77786
109040,77805
109054,77811
109176,77798
109196,77841
109192,77862
109229,77831
109071,77741
109135,77839
109112,77776
109079,77823
109141,77843
109216,77859
109211,77893
109237,77910
109174,77807
109093,77832
109159,77841
109127,77854
109096,77868
109204,77863
109197,77866
109271,77907
109261,77837
109129,77847
109178,77870
109152,77863
109099,77897
109200,77877
109236,77887
109261,77951
109286,77839
109106,77873
109163,77879
109107,77858
109164,77870
109196,77884
109219,77871
109271,77947
109302,77869
109150,77884
109145,77852
108983,77781
109100,77825
109081,77790
109015,77717
109087,77762
109064,77772
108903,77726
108924,77704
108809,77662
108891,77692
109010,77734
109012,77746
109086,77739
109038,77731
108950,77759
109084,77739
108962,77729
108980,77770
109040,77762
109062,77798
109120,77760
108983,77754
108962,77781
109069,77745
108993,77758
108995,77791
109049,77793
109080,77837
109125,77830
108973,77761
108959,77792
109021,77788
109005,77789
109049,77789
109077,77811
109108,77851
109141,77773
108948,77767
108892,77755
108946,77738
108900,77745
108979,77754
108991,77754
109002,77709
108990,77679
108831,77736
108843,77649
108646,77544
108639,77526
108576,77508
108614,77544
108650,77547
108626,77466
108498,77539
108535,77493
108534,77525
108564,77588
108629,77585
108640,77605
108615,77534
108579,77448
108380,77445
108307,77376
108287,77365
108251,77398
108362,77439
108396,77444
108420,77427
108410,77397
108373,77382
108232,77385
108385,77407
108389,77416
108344,77434
108440,77444
108467,77497
108478,77504
108487,77466
108322,77399
108300,77417
108393,77421
108350,77404
108393,77387
108404,77460
108504,77497
108491,77501
108515,77450
108340,77463
108468,77496
108491,77466
108444,77523
108522,77468
108520,77496
108503,77482
108550,77461
108388,77419
108405,77452
108477,77492
108480,77539
108496,77488
108540,77513
108507,77505
108617,77542
108495,77454
108449,77489
108490,77506
108341,77466
108394,77429
108367,77402
108305,77407
108288,77361
108275,77276
108074,77226
108076,77172
108000,77156
107964,77191
107971,77150
107928,77141
107827,77069
107785,76887
107314,76668
107224,76552
106994,76413
106884,76403
106777,76318
106812,76305
106796,76311
106837,76290
106680,76270
106728,76233
106774,76268
106809,76329
106897,76325
106921,76342
106999,76400
107082,76383
106991,76324
107037,76298
107129,76258
107113,76312
107088,76291
107160,76255
107132,76242
107190,76239
107214,76284
107276,76345
107256,76266
107281,76352
107388,76420
107475,76430
107550,76445
107506,76433
107417,76441
107424,76448
107399,76372
107378,76422
107398,76400
107461,76425
107522,76464
107462,76379
107340,76388
107399,76450
107383,76464
107361,76409
107361,76463
107438,76425
107497,76453
107414,76412
107415,76431
107460,76517
107369,76468
107416,76498
107423,76501
107452,76522
107545,76507
107410,76502
107388,76511
107417,76516
107359,76478
107362,76471
107362,76478
107386,76460
107376,76445
107306,76441
107270,76375
107282,76451
107241,76466
107289,76439
107380,76474
107439,76577
107591,76638
107563,76628
107629,76716
107715,76783
107647,76786
107720,76753
107786,76794
107822,76848
107881,76829
107851,76785
107732,76708
107625,76584
106899,76109
106745,76017
106954,76119
106952,76240
107191,76303
107262,76245
107251,76215
107523,76501
107947,76908
108385,77216
108972,77565
109092,77739
109113,77783
109214,77859
109284,77950
109345,77931
109418,78024
109450,78073
109338,77999
109327,78021
109327,78042
109296,78032
109347,78110
109395,78034
109432,78065
109215,78016
109214,78023
109297,78034
109213,78022
109251,78063
109305,78134
109322,78030
109364,78069
109158,77995
109043,77912
108951,77812
108780,77635
108596,77438
108277,77241
108117,77102
108120,77187
108167,77152
108116,77121
108099,77072
107978,77086
108105,77209
108325,77286
108320,77220
108381,77349
108338,77300
108269,77300
108378,77347
108425,77407
108475,77431
108434,77452
108585,77576
109032,77840
108994,77896
109204,78044
109349,78099
109316,78055
109311,78034
109305,78030
109328,78016
109154,77963
109078,77983
109127,77953
109185,77925
109190,77990
109225,77955
109187,77907
109104,77965
109165,78001
109186,77971
109142,77967
109229,78004
109263,78029
109256,77906
109105,77924
109156,78008
109113,77970
109165,77971
109186,77994
109207,78021
109218,77981
109074,77882
109086,77894
109100,77965
109069,77959
109161,77961
109183,77941
109215,77962
109034,77878
109049,77923
109091,77885
109058,77881
109012,77888
109128,77901
109139,77899
109054,77821
108913,77794
108984,77861
108970,77819
108974,77813
108945,77794
108959,77799
108850,77728
108808,77753
108870,77707
108813,77742
108808,77766
108861,77727
108894,77700
108693,77695
108760,77699
108762,77676
108545,77450
108337,77387
108254,77385
108276,77368
108317,77403
108288,77403
108179,77278
108128,77379
108358,77526
108629,77580
108985,77884
109254,78032
109584,78239
109659,78280
109716,78304
109589,78228
109596,78302
109633,78248
109555,78262
109555,78258
109574,78207
109393,78104
109328,78100
109258,78024
109180,78010
109202,78058
109107,77882
108808,77806
108706,77778
108838,77786
108828,77853
108883,77846
108960,77919
108947,77831
108774,77789
108726,77836
108621,77786
108681,77762
108692,77780
108704,77782
108667,77797
108639,77674
108550,77722
108514,77788
108571,77782
108647,77826
108774,77934
108863,77970
109013,78047
108992,78063
109116,78128
109048,78122
109106,78163
109186,78199
109198,78179
109237,78217
109162,78135
109098,78148
109080,78149
109029,78126
109054,78144
109128,78159
109143,78150
109149,78152
109117,78078
108984,78131
108980,78105
109000,78060
108963,78094
109045,78116
109067,78147
109118,78110
109178,78147
109115,78156
109002,78140
109008,78107
108923,78071
108867,78026
108546,77787
108428,77682
108434,77789
108641,77918
108653,77922
108737,77986
108838,77974
108725,77933
108755,77922
108768,77965
108895,78037
108987,78081
108987,78094
109088,78176
109192,78180
109199,78200
109264,78235
109316,78255
109368,78330
109424,78354
109315,78264
109286,78270
109303,78294
109302,78289
109389,78327
109405,78322
109435,78347
109470,78362
109412,78303
109332,78281
109347,78306
109352,78336
109424,78403
109461,78348
109497,78401
109499,78382
109553,78418
109452,78350
109343,78316
109323,78294
109225,78292
109205,78227
109264,78224
109211,78214
109213,78234
109290,78242
109194,78258
109344,78357
109508,78439
109602,78408
109642,78490
109645,78458
109683,78515
109641,78430
109568,78412
109556,78416
109561,78457
109594,78457
109624,78472
109574,78472
109550,78403
109512,78424
109502,78421
109463,78384
109520,78408
109545,78444
109561,78418
109605,78405
109399,78337
109364,78327
109394,78338
109322,78259
109341,78269
109382,78347
109398,78293
109478,78332
109334,78293
109320,78340
109357,78315
109299,78287
109369,78294
109394,78332
109347,78288
109465,78332
109243,78220
109217,78212
109204,78177
109178,78204
109204,78152
109205,78223
109167,78193
109315,78194
109084,78096
109031,78093
109021,78098
108985,78079
109025,78100
109058,78139
109018,78088
109090,78074
108905,78019
108878,78013
108828,77976
108800,77912
108825,77960
108860,78040
108952,78073
109091,78110
109041,78063
109021,78094
109114,78125
109052,78106
109103,78097
109129,78138
109078,78163
109204,78161
109035,78051
108925,78029
108954,77993
108900,78023
108881,77978
108919,78003
108886,78014
108959,78029
108801,77866
108590,77722
108054,77240
107597,76964
106998,76819
106992,76745
107620,77204
107957,77495
108581,77788
108751,77957
109185,78079
109070,78023
109008,78011
109042,78012
109189,78062
109143,78140
109528,78389
109676,78487
109827,78547
109840,78504
110045,78649
109927,78643
110004,78691
110054,78736
110129,78798
110228,78847
110308,78920
110399,78918
110243,78869
110156,78843
110186,78861
110252,78875
110325,78922
110327,78941
110367,78977
110429,78988
110450,78930
110254,78911
110277,78936
110328,78941
110339,78982
110390,78921
110425,78971
110480,79021
110400,78940
110357,78960
110295,78966
110347,78964
110404,78990
110408,78957
110473,79014
110544,79092
110560,79017
110430,78976
110382,78956
110351,78959
110329,78939
110350,78982
110391,78976
110370,78988
110449,79005
110452,78911
110323,78910
110316,78953
110302,78872
110337,78960
110396,79001
110471,78998
110575,79012
110443,78955
110477,79039
110571,79035
110532,79067
110615,79027
110636,79089
110648,79102
110736,79041
110533,79015
110524,79022
110546,79016
110553,79065
110608,78986
110600,79070
110566,78981
110443,78950
110462,78964
110429,78960
110452,78992
110485,79027
110513,78957
110416,78920
110270,78875
110128,78813
110152,78744
110124,78800
110168,78782
110161,78862
110192,78812
110071,78767
110053,78847
110117,78795
110227,78798
110253,78821
110209,78743
110053,78658
110081,78736
110063,78705
110042,78731
110103,78751
110165,78728
109957,78613
109965,78635
109984,78607
109952,78658
109937,78673
110040,78698
110045,78612
109851,78594
109855,78557
109858,78648
109862,78643
109895,78647
109963,78678
109954,78699
110086,78753
110080,78688
109943,78627
109899,78636
109897,78666
109945,78691
110059,78696
110032,78735
110121,78799
110092,78712
109990,78737
109990,78697
110000,78702
110042,78722
110088,78753
110062,78768
110153,78826
110210,78773
110043,78738
109978,78683
110007,78692
109986,78714
110007,78721
110048,78732
110072,78780
110188,78792
110018,78754
110040,78722
110105,78734
110032,78783
110201,78814
110265,78835
110326,78909
110384,78848
110324,78846
110408,78967
110371,78909
110488,78933
110533,78963
110519,78961
110431,78870
110360,78865
110373,78833
110352,78894
110333,78882
110433,78902
110428,78809
110249,78798
110217,78755
110198,78822
110217,78817
110252,78784
110260,78793
110245,78799
110248,78712
110094,78692
110058,78674
110008,78638
109981,78644
109985,78639
110059,78697
110130,78735
110140,78706
109996,78640
109958,78665
109931,78661
109986,78681
109961,78655
110023,78718
110053,78667
110000,78652
110042,78622
110066,78628
110055,78723
110139,78712
110143,78685
110093,78627
109969,78581
109908,78564
109893,78534
109949,78562
109944,78579
109926,78539
109890,78484
109854,78488
109811,78497
109836,78497
109877,78580
109914,78578
109958,78593
110094,78596
109877,78588
109888,78557
109950,78577
109943,78608
109985,78655
110040,78707
110096,78701
110104,78648
110045,78718
110136,78700
110135,78739
110212,78803
110256,78748
110292,78708
110107,78631
110078,78632
110042,78627
110027,78623
110046,78648
110062,78677
110032,78529
109877,78524
109848,78525
109850,78534
109840,78549
109928,78570
109986,78616
109980,78565
109753,78412
109673,78427
109651,78389
109671,78403
109762,78396
109731,78417
109812,78452
109692,78430
109822,78506
109938,78521
109920,78569
110003,78592
110064,78577
110088,78598
109997,78498
109927,78479
109935,78540
109906,78502
109943,78529
109942,78565
110064,78569
109909,78455
109867,78400
109810,78419
109774,78417
109787,78396
109714,78319
109359,78047
109236,77922
108683,77639
108680,77485
108532,77367
108162,77465
108468,77479
108827,77647
109185,78033
109499,78243
109842,78451
109896,78427
109912,78352
109710,78278
109631,78272
109687,78263
109615,78152
109363,78006
109206,77896
109280,78012
109485,78119
109595,78210
109724,78287
109838,78349
109686,78205
109653,78197
109491,78096
109404,78067
109381,78030
109406,78043
109329,78053
109365,77946
108910,77634
108845,77673
108939,77617
108840,77596
108569,77463
108574,77377
108632,77367
108685,77278
108686,77399
108945,77521
109101,77578
109242,77653
109330,77743
109307,77559
109139,77510
109075,77508
109108,77507
109106,77520
109200,77547
109217,77499
109166,77592
109186,77581
109166,77516
109060,77454
109051,77446
109047,77504
109040,77343
108864,77176
108634,77052
108578,77057
108464,76892
108540,76967
108788,77083
108706,77115
108885,77251
108932,77036
108996,77303
109136,77382
109225,77310
109048,77217
108757,76988
108710,77110
109052,77273
109196,77316
109050,77014
108600,76690
108335,76450
107811,76117
107393,76023
107666,76087
107874,76373
107835,76335
107430,75919
107164,75586
105991,75004
106853,75551
106799,75574
106743,75387
107069,75731
107350,75917
107461,76065
107762,76275
108269,76700
108213,76579
107914,76226
107638,75999
107380,75706
107155,75438
106508,74998
106338,74796
106801,75671
107501,76111
108154,76555
108284,76560
108271,76543
108274,76692
108325,76655
108438,76694
108556,76807
108651,76928
108752,76795
108351,76481
107749,75904
107422,75510
106885,75139
106690,74983
106494,74741
106360,74729
106509,75080
107254,75766
108139,76581
108449,76719
108613,76648
108651,76747
108845,76820
108741,76795
108816,76858
108943,77033
109108,77180
109137,77130
109094,77096
109132,77111
109056,76979
108995,77005
109107,77110
109131,77073
109273,77377
109540,77628
110093,77993
110129,78143
110323,78226
110431,78273
110541,78428
110643,78422
110688,78473
110674,78478
110474,78307
110546,78297
110488,78256
110502,78280
110637,78386
110699,78482
110748,78407
110619,78477
110654,78484
110830,78520
110907,78590
110945,78646
111029,78618
110854,78595
110871,78591
110889,78653
111003,78680
111110,78737
111145,78664
110935,78572
110929,78638
111003,78604
110998,78651
110981,78670
111059,78605
110884,78539
110874,78534
110895,78528
110887,78547
110931,78641
110979,78499
110778,78470
110836,78510
110899,78534
110932,78582
111040,78581
111116,78514
110882,78512
110873,78515
111024,78525
111017,78587
111050,78613
111110,78656
111181,78608
110915,78492
110916,78473
110912,78495
111001,78522
111063,78584
111049,78583
111101,78603
111175,78716
111285,78596
111026,78526
111097,78574
111146,78584
111199,78645
111227,78643
111342,78679
111330,78757
111404,78826
111397,78623
111184,78617
111183,78625
111292,78630
111228,78653
111338,78696
111394,78786
111456,78747
111471,78710
111169,78546
111269,78554
111310,78568
111229,78579
111348,78642
111350,78675
111443,78664
111481,78610
111122,78502
111197,78508
111167,78478
111077,78452
111101,78447
111077,78464
110951,78231
110694,78259
110660,78318
110818,78313
110715,78321
110757,78376
110809,78358
110634,78454
110761,78527
110832,78586
110851,78703
111020,78752
110812,78718
110773,78753
110914,78810
110912,78836
110932,78898
111027,78872
110692,78855
110777,78894
110896,78917
110850,78974
110938,78994
111029,79042
110715,78974
110744,78974
110813,79028
110804,79058
110918,79086
110970,79069
110691,79006
110781,79127
110853,79178
110879,79176
111002,79195
111041,79154
110745,79147
110802,79160
110851,79135
110809,79227
110947,79297
110976,79176
110717,79175
110735,79215
110830,79238
110843,79249
110931,79243
111007,79289
110687,79273
110721,79210
110829,79262
110756,79250
110904,79322
110939,79320
110638,79176
110643,79274
110788,79277
110765,79266
110833,79352
110908,79345
110702,79290
110749,79308
110838,79301
110805,79398
110891,79428
110972,79418
110693,79334
110684,79326
110766,79364
110759,79367
110840,79391
110910,79459
110797,79352
110631,79341
110701,79371
110759,79385
110786,79396
110822,79451
110931,79439
110812,79402
110607,79379
110661,79369
110688,79376
110696,79415
110820,79417
110838,79462
110880,79399
110653,79382
110636,79408
110735,79424
110708,79434
110770,79465
110932,79479
111003,79541
111018,79454
110701,79465
110742,79502
110810,79499
110749,79491
110800,79508
110929,79526
110977,79548
111075,79490
110760,79530
110740,79519
110810,79478
110755,79493
110727,79476
110902,79526
110911,79518
110852,79409
110629,79413
110732,79460
110750,79436
110746,79471
110764,79468
110881,79506
110905,79458
110671,79480
110722,79466
110801,79473
110741,79492
110857,79558
110937,79583
111030,79603
111092,79605
110789,79554
110782,79487
110880,79532
110800,79548
110878,79596
110957,79589
111030,79622
111051,79615
111082,79647
