spo2
99
99
99
99
99
99
99
99
99
99
99
98
98
98
98
99
99
99
99
99
99
99
99
99
99
99
99
99
99
99
99
99
99
99
99
99
99
99
99
99
99
99
99
99
99
99
99
99
99
99
99
99
99
99
99
99
99
99
99
99
99
99
99
99
99
99
99
99
99
99
99
99
99
99
99
99
99
99
99
99
99
99
99
99
99
99
99
99
99
99
99
99
99
99
99
99
99
99
99
98
98
97
97
97
97
97
97
97
97
97
97
97
97
97
96
96
96
96
96
96
96
95
95
95
95
95
95
94
94
94
93
93
93
93
92
91
91
91
90
90
90
89
89
88
88
88
87
87
87
87
87
87
87
87
87
87
87
87
87
87
87
90
90
90
90
92
94
94
94
96
96
96
96
98
98
99
99
99
99
99
99
99
99